1,北京/首都,10098.30,9580.93
2,上海/浦东,7405.40,6999.43
3,广州/白云,6979.00,6577.76
4,成都/双流,5287.70,4979.00
5,深圳/宝安,4934.90,4560.91
6,昆明/长水,4708.80,4471.79
7,上海/虹桥,4362.80,4186.95
8,西安/咸阳,4465.30,4184.91
9,重庆/江北,4159.60,3873.00
10,杭州/萧山,3824.20,3557.40
11,南京/禄口,2858.00,2581.75
12,厦门/高崎,2655.30,2449.54
13,郑州/新郑,2733.50,2429.78
14,长沙/黄花,2526.60,2376.86
15,青岛/流亭,2453.60,2321.29
16,武汉/天河,2450.00,2313.50
17,海口/美兰,2412.40,2258.80
18,乌鲁木齐/地窝堡,2302.80,2150.14
19,天津/滨海,2359.10,2100.71
20,三亚/凤凰,2003.90,1939.88
21,哈尔滨/太平,2043.20,1881.40
22,贵阳/龙洞堡,2009.60,1810.45
23,大连/周水子,1876.30,1750.28
24,沈阳/桃仙,1902.70,1734.46
25,济南/遥墙,1661.20,1432.07
26,南宁/吴圩,1509.80,1391.52
27,兰州/中川,1385.80,1281.96
28,福州/长乐,1439.40,1247.31
29,太原/武宿,1358.80,1239.78
30,长春/龙嘉,1297.00,1166.37
31,南昌/昌北,1352.40,1093.29
32,呼和浩特/白塔,1215.90,1034.81
33,石家庄/正定,1133.30,957.99
34,宁波/栎社,1171.80,938.94
35,温州/龙湾,1121.90,928.73
36,珠海/金湾,1122.10,922.02
37,合肥/新桥,1111.10,914.49
38,银川/河东,894.50,793.70
39,桂林/两江,873.20,785.96
40,丽江/三义,753.00,710.38
41,无锡/硕放,720.80,668.65
42,烟台/蓬莱,843.30,650.19
43,北京/南苑,651.30,595.34
44,西宁/曹家堡,634.00,563.06
45,泉州/晋江,744.30,533.93
46,揭阳/潮汕,649.40,484.99
47,西双版纳/嘎洒,444.60,399.10
48,拉萨/贡嘎,435.40,371.82
49,绵阳/南郊,393.90,354.23
50,常州/奔牛,332.80,250.98
51,宜昌/三峡,294.90,224.43
52,呼伦贝尔/东山,232.90,216.85
53,鄂尔多斯/伊金霍洛,247.50,210.64
54,湛江,256.00,209.15
55,包头/二里半,203.20,208.84
56,喀什,206.00,204.77
57,威海/大水泊,250.80,203.74
58,南通/兴东,277.10,200.94
59,徐州/观音,251.90,191.70
60,扬州/泰州,238.40,183.67
61,张家界/荷花,221.00,177.37
62,榆林/榆阳,209.00,177.12
63,北海/福成,228.20,171.06
64,德宏/芒市,181.40,165.21
65,大理,177.60,158.15
66,遵义/新舟,203.40,156.10
67,运城/张孝,205.30,144.48
68,延吉/朝阳川,151.30,141.14
69,铜仁/凤凰,127.70,134.56
70,临沂/沭埠岭,200.60,132.76
71,盐城/南洋,182.20,130.33
72,义乌,163.60,129.53
73,淮安/涟水,151.60,128.58
74,库尔勒,174.40,127.95
75,赣州/黄金,162.50,127.95
76,阿克苏/温宿,129.20,127.67
77,赤峰/玉龙,157.20,120.92
78,伊宁,133.30,115.21
79,柳州/白莲,134.70,113.58
80,毕节/飞雄,121.70,111.14
81,连云港/白塔埠,151.60,109.30
82,和田,121.80,103.13
83,襄阳/刘集,140.60,102.70
84,舟山/普陀山,121.00,102.28
85,腾冲/驼峰,117.00,99.74
86,济宁/曲阜,122.20,97.14
87,惠州/平潭,188.00,95.72
88,通辽,98.30,92.47
89,兴义,112.10,92.19
90,洛阳/北郊,131.40,88.07
91,十堰/武当山,118.30,86.99
92,宜宾/菜坝,97.50,82.84
93,台州/路桥,111.20,82.19
94,牡丹江/海浪,93.40,78.55
95,南阳/姜营,90.80,78.21
96,恩施/许家坪,103.90,76.96
97,南充/高坪,94.30,75.26
98,日照/山字河,90.10,73.73
99,黄山/屯溪,76.10,72.55
100,邯郸,76.40,68.40
101,乌兰浩特/义勒力特,73.80,67.09
102,佳木斯/东郊,86.50,66.80
103,万州/五桥,87.00,65.61
104,锡林浩特,62.30,64.90
105,大同/云冈,101.60,63.98
106,西昌/青山,67.70,63.51
107,白山/长白山,55.00,62.71
108,井冈山,65.80,62.67
109,景德镇/罗家,51.40,62.23
110,大庆/萨尔图,83.20,62.14
111,阜阳,80.00,61.02
112,保山/云瑞,101.60,60.12
113,张家口/宁远,38.70,60.00
114,潍坊,72.50,59.82
115,普洱/思茅,64.00,58.18
116,迪庆/香格里拉,59.20,57.09
117,长治/王村,69.00,55.69
118,宜春/明月山,64.00,54.28
119,九寨/黄龙,2.20,53.66
120,东营/胜利,69.10,53.11
121,敦煌,75.80,52.71
122,唐山/三女河,57.40,51.90
123,满洲里/西郊,42.80,50.18
124,武夷山,64.30,49.35
125,池州/九华山,45.10,47.52
126,衡阳/南岳,81.60,47.03
127,佛山/沙堤,10.90,46.98
128,林芝/米林,48.50,46.86
129,安庆,47.80,45.96
130,乌海,48.10,45.42
131,常德/桃花源,72.60,43.81
132,嘉峪关,56.10,43.42
133,凯里/黄平,14.20,42.64
134,达州/河市,51.40,42.48
135,安顺/黄果树,44.10,42.12
136,汉中/城固,49.50,41.46
137,齐齐哈尔/三家子,41.00,40.31
138,临沧,44.10,39.95
139,梅县/长岗岌,51.30,39.83
140,泸州/云龙,23.50,39.50
141,克拉玛依,59.10,39.01
142,六盘水/月照,43.10,38.52
143,庆阳,42.00,33.76
144,延安/南泥湾,38.70,33.42
145,秦皇岛/北戴河,41.40,32.83
146,乌兰察布/集宁,39.60,32.41
147,琼海/博鳌,55.00,31.59
148,哈密,39.90,29.98
149,库车/龟兹,32.10,29.50
150,黔江/武陵山,41.00,28.87
151,巴彦淖尔/天吉泰,35.30,28.33
152,昭通,34.70,28.10
153,吕梁/大武,36.70,27.55
154,攀枝花/保安营,38.50,27.27
155,广元/盘龙,25.60,26.58
156,玉树/巴塘,30.30,26.39
157,忻州/五台山,32.80,26.14
158,临汾/乔李,38.70,25.41
159,锦州/锦州湾,29.40,23.24
160,昌都/邦达,32.50,23.12
161,鸡西/兴凯湖,21.60,22.22
162,营口/兰旗,29.80,20.55
163,衢州,25.10,20.26
164,鞍山/腾鳌,26.10,19.94
165,稻城/亚丁,24.20,19.88
166,三明/沙县,20.40,19.83
167,丹东/浪头,8.30,19.81
168,怀化/芷江,49.80,18.06
169,天水/麦积山,18.00,17.86
170,格尔木,18.40,17.26
171,二连浩特/赛乌素,20.60,16.32
172,中卫/香山,24.40,16.00
173,固原/六盘山,22.60,15.71
174,阿尔山/伊尔施,10.40,15.55
175,金昌/金川,17.40,15.26
176,黑河,18.10,15.08
177,吐鲁番/交河,19.30,14.77
178,加格达奇,15.60,14.73
179,承德/普宁,43.70,14.71
180,上饶/三清山,37.50,14.67
181,连城/冠豸山,20.50,14.28
182,张掖/甘州,17.70,13.84
183,朝阳,17.30,13.62
184,伊春/林都,16.20,13.52
185,博乐/阿拉山口,16.90,13.43
186,阿拉善左旗/巴彦浩特,16.60,12.20
187,布尔津/喀纳斯,6.70,12.18
188,永州/零陵,25.00,12.08
189,甘南/夏河,12.20,11.82
190,甘孜/康定,8.40,11.70
191,百色/巴马,18.10,11.00
192,文山/普者黑,16.00,10.88
193,阿勒泰,39.70,10.52
194,通化/三源浦,11.60,10.38
195,黔南州/荔波,18.30,10.17
196,遵义/茅台,100.60,10.16
197,黎平,5.10,9.37
198,那拉提,8.20,8.45
199,漠河/古莲,8.10,8.41
200,邵阳/武冈,47.00,8.23
201,沧源/佤山,16.50,8.21
202,海西/德令哈,10.70,8.14
203,石河子/花园,16.90,8.08
204,塔城,27.00,7.46
205,果洛机场,12.50,7.07
206,阿里/昆莎,7.50,6.62
207,抚远/东极,5.90,6.56
208,日喀则,8.10,6.42
209,澜沧/景迈,23.30,6.14
210,扎兰屯/成吉思汗,12.90,5.69
211,且末,7.20,5.12
212,三沙/永兴,5.80,4.95
213,宁蒗/泸沽湖,16.40,4.75
214,霍林河机场,9.20,4.71
215,莎车,21.30,4.43
216,富蕴/可可托海,2.80,4.22
217,海西/花土沟,7.70,3.89
218,白城/长安,8.60,3.13
219,松原/查干湖,16.00,2.43
220,额济纳旗/桃来,2.10,2.36
221,河池/金城江,2.30,1.44
222,阿拉善右旗/巴丹吉林,1.30,1.41
223,阿坝/红原,2.80,1.24
224,建三江/湿地,8.20,1.16
225,神农架/红坪,2.00,1.01
226,五大连池/德都,4.00,0.56
227,长海/大长山岛,0.30,0.33
1,北京/首都,10098.30,9580.93
2,上海/浦东,7405.40,6999.43
3,广州/白云,6979.00,6577.76
4,深圳/宝安,4934.90,4560.91
5,成都/双流,5287.70,4979.00
6,郑州/新郑,2733.50,2429.78
7,重庆/江北,4159.60,3873.00
8,西安/咸阳,4465.30,4184.91
9,南京/禄口,2858.00,2581.75
10,杭州/萧山,3824.20,3557.40
11,南昌/昌北,1352.40,1093.29
12,天津/滨海,2359.10,2100.71
13,昆明/长水,4708.80,4471.79
14,宁波/栎社,1171.80,938.94
15,济南/遥墙,1661.20,1432.07
16,泉州/晋江,744.30,533.93
17,厦门/高崎,2655.30,2449.54
18,珠海/金湾,1122.10,922.02
19,贵阳/龙洞堡,2009.60,1810.45
20,合肥/新桥,1111.10,914.49
21,温州/龙湾,1121.90,928.73
22,烟台/蓬莱,843.30,650.19
23,福州/长乐,1439.40,1247.31
24,呼和浩特/白塔,1215.90,1034.81
25,上海/虹桥,4362.80,4186.95
26,石家庄/正定,1133.30,957.99
27,沈阳/桃仙,1902.70,1734.46
28,揭阳/潮汕,649.40,484.99
29,哈尔滨/太平,2043.20,1881.40
30,海口/美兰,2412.40,2258.80
31,乌鲁木齐/地窝堡,2302.80,2150.14
32,长沙/黄花,2526.60,2376.86
33,武汉/天河,2450.00,2313.50
34,青岛/流亭,2453.60,2321.29
35,长春/龙嘉,1297.00,1166.37
36,大连/周水子,1876.30,1750.28
37,太原/武宿,1358.80,1239.78
38,南宁/吴圩,1509.80,1391.52
39,兰州/中川,1385.80,1281.96
40,银川/河东,894.50,793.70
41,惠州/平潭,188.00,95.72
42,遵义/茅台,100.60,10.16
43,桂林/两江,873.20,785.96
44,常州/奔牛,332.80,250.98
45,南通/兴东,277.10,200.94
46,西宁/曹家堡,634.00,563.06
47,宜昌/三峡,294.90,224.43
48,临沂/沭埠岭,200.60,132.76
49,三亚/凤凰,2003.90,1939.88
50,拉萨/贡嘎,435.40,371.82
51,运城/张孝,205.30,144.48
52,徐州/观音,251.90,191.70
53,北海/福成,228.20,171.06
54,北京/南苑,651.30,595.34
55,扬州/泰州,238.40,183.67
56,无锡/硕放,720.80,668.65
57,盐城/南洋,182.20,130.33
58,遵义/新舟,203.40,156.10
59,威海/大水泊,250.80,203.74
60,湛江,256.00,209.15
61,库尔勒,174.40,127.95
62,西双版纳/嘎洒,444.60,399.10
63,张家界/荷花,221.00,177.37
64,洛阳/北郊,131.40,88.07
65,丽江/三义,753.00,710.38
66,连云港/白塔埠,151.60,109.30
67,保山/云瑞,101.60,60.12
68,绵阳/南郊,393.90,354.23
69,邵阳/武冈,47.00,8.23
70,襄阳/刘集,140.60,102.70
71,大同/云冈,101.60,63.98
72,鄂尔多斯/伊金霍洛,247.50,210.64
73,赤峰/玉龙,157.20,120.92
74,衡阳/南岳,81.60,47.03
75,赣州/黄金,162.50,127.95
76,义乌,163.60,129.53
77,榆林/榆阳,209.00,177.12
78,怀化/芷江,49.80,18.06
79,十堰/武当山,118.30,86.99
80,阿勒泰,39.70,10.52
81,台州/路桥,111.20,82.19
82,承德/普宁,43.70,14.71
83,常德/桃花源,72.60,43.81
84,恩施/许家坪,103.90,76.96
85,济宁/曲阜,122.20,97.14
86,琼海/博鳌,55.00,31.59
87,敦煌,75.80,52.71
88,淮安/涟水,151.60,128.58
89,上饶/三清山,37.50,14.67
90,万州/五桥,87.00,65.61
91,柳州/白莲,134.70,113.58
92,大庆/萨尔图,83.20,62.14
93,克拉玛依,59.10,39.01
94,兴义,112.10,92.19
95,佳木斯/东郊,86.50,66.80
96,塔城,27.00,7.46
97,大理,177.60,158.15
98,南充/高坪,94.30,75.26
99,阜阳,80.00,61.02
100,舟山/普陀山,121.00,102.28
101,和田,121.80,103.13
102,伊宁,133.30,115.21
103,腾冲/驼峰,117.00,99.74
104,澜沧/景迈,23.30,6.14
105,莎车,21.30,4.43
106,日照/山字河,90.10,73.73
107,德宏/芒市,181.40,165.21
108,呼伦贝尔/东山,232.90,216.85
109,东营/胜利,69.10,53.11
110,武夷山,64.30,49.35
111,牡丹江/海浪,93.40,78.55
112,宜宾/菜坝,97.50,82.84
113,松原/查干湖,16.00,2.43
114,长治/王村,69.00,55.69
115,临汾/乔李,38.70,25.41
116,永州/零陵,25.00,12.08
117,潍坊,72.50,59.82
118,嘉峪关,56.10,43.42
119,南阳/姜营,90.80,78.21
120,黔江/武陵山,41.00,28.87
121,宁蒗/泸沽湖,16.40,4.75
122,梅县/长岗岌,51.30,39.83
123,攀枝花/保安营,38.50,27.27
124,毕节/飞雄,121.70,111.14
125,延吉/朝阳川,151.30,141.14
126,哈密,39.90,29.98
127,宜春/明月山,64.00,54.28
128,昌都/邦达,32.50,23.12
129,营口/兰旗,29.80,20.55
130,吕梁/大武,36.70,27.55
131,达州/河市,51.40,42.48
132,石河子/花园,16.90,8.08
133,秦皇岛/北戴河,41.40,32.83
134,中卫/香山,24.40,16.00
135,沧源/佤山,16.50,8.21
136,庆阳,42.00,33.76
137,黔南州/荔波,18.30,10.17
138,汉中/城固,49.50,41.46
139,邯郸,76.40,68.40
140,扎兰屯/成吉思汗,12.90,5.69
141,乌兰察布/集宁,39.60,32.41
142,百色/巴马,18.10,11.00
143,建三江/湿地,8.20,1.16
144,巴彦淖尔/天吉泰,35.30,28.33
145,固原/六盘山,22.60,15.71
146,乌兰浩特/义勒力特,73.80,67.09
147,忻州/五台山,32.80,26.14
148,昭通,34.70,28.10
149,连城/冠豸山,20.50,14.28
150,锦州/锦州湾,29.40,23.24
151,鞍山/腾鳌,26.10,19.94
152,通辽,98.30,92.47
153,普洱/思茅,64.00,58.18
154,唐山/三女河,57.40,51.90
155,白城/长安,8.60,3.13
156,果洛机场,12.50,7.07
157,延安/南泥湾,38.70,33.42
158,文山/普者黑,16.00,10.88
159,衢州,25.10,20.26
160,六盘水/月照,43.10,38.52
161,吐鲁番/交河,19.30,14.77
162,霍林河机场,9.20,4.71
163,阿拉善左旗/巴彦浩特,16.60,12.20
164,稻城/亚丁,24.20,19.88
165,二连浩特/赛乌素,20.60,16.32
166,西昌/青山,67.70,63.51
167,临沧,44.10,39.95
168,玉树/巴塘,30.30,26.39
169,张掖/甘州,17.70,13.84
170,海西/花土沟,7.70,3.89
171,朝阳,17.30,13.62
172,黄山/屯溪,76.10,72.55
173,博乐/阿拉山口,16.90,13.43
174,五大连池/德都,4.00,0.56
175,井冈山,65.80,62.67
176,黑河,18.10,15.08
177,乌海,48.10,45.42
178,伊春/林都,16.20,13.52
179,库车/龟兹,32.10,29.50
180,海西/德令哈,10.70,8.14
181,金昌/金川,17.40,15.26
182,迪庆/香格里拉,59.20,57.09
183,且末,7.20,5.12
184,安顺/黄果树,44.10,42.12
185,安庆,47.80,45.96
186,日喀则,8.10,6.42
187,林芝/米林,48.50,46.86
188,阿坝/红原,2.80,1.24
189,阿克苏/温宿,129.20,127.67
190,喀什,206.00,204.77
191,通化/三源浦,11.60,10.38
192,格尔木,18.40,17.26
193,神农架/红坪,2.00,1.01
194,阿里/昆莎,7.50,6.62
195,加格达奇,15.60,14.73
196,河池/金城江,2.30,1.44
197,三沙/永兴,5.80,4.95
198,齐齐哈尔/三家子,41.00,40.31
199,三明/沙县,20.40,19.83
200,甘南/夏河,12.20,11.82
201,天水/麦积山,18.00,17.86
202,长海/大长山岛,0.30,0.33
203,阿拉善右旗/巴丹吉林,1.30,1.41
204,那拉提,8.20,8.45
205,额济纳旗/桃来,2.10,2.36
206,漠河/古莲,8.10,8.41
207,鸡西/兴凯湖,21.60,22.22
208,抚远/东极,5.90,6.56
209,广元/盘龙,25.60,26.58
210,富蕴/可可托海,2.80,4.22
211,池州/九华山,45.10,47.52
212,锡林浩特,62.30,64.90
213,甘孜/康定,8.40,11.70
214,黎平,5.10,9.37
215,阿尔山/伊尔施,10.40,15.55
216,布尔津/喀纳斯,6.70,12.18
217,包头/二里半,203.20,208.84
218,铜仁/凤凰,127.70,134.56
219,满洲里/西郊,42.80,50.18
220,白山/长白山,55.00,62.71
221,景德镇/罗家,51.40,62.23
222,丹东/浪头,8.30,19.81
223,泸州/云龙,23.50,39.50
224,张家口/宁远,38.70,60.00
225,凯里/黄平,14.20,42.64
226,佛山/沙堤,10.90,46.98
227,九寨/黄龙,2.20,53.66
1,遵义/茅台,100.60,10.16
2,五大连池/德都,4.00,0.56
3,建三江/湿地,8.20,1.16
4,松原/查干湖,16.00,2.43
5,邵阳/武冈,47.00,8.23
6,莎车,21.30,4.43
7,澜沧/景迈,23.30,6.14
8,阿勒泰,39.70,10.52
9,塔城,27.00,7.46
10,宁蒗/泸沽湖,16.40,4.75
11,承德/普宁,43.70,14.71
12,怀化/芷江,49.80,18.06
13,白城/长安,8.60,3.13
14,上饶/三清山,37.50,14.67
15,扎兰屯/成吉思汗,12.90,5.69
16,阿坝/红原,2.80,1.24
17,石河子/花园,16.90,8.08
18,永州/零陵,25.00,12.08
19,沧源/佤山,16.50,8.21
20,海西/花土沟,7.70,3.89
21,神农架/红坪,2.00,1.01
22,惠州/平潭,188.00,95.72
23,霍林河机场,9.20,4.71
24,黔南州/荔波,18.30,10.17
25,果洛机场,12.50,7.07
26,琼海/博鳌,55.00,31.59
27,衡阳/南岳,81.60,47.03
28,保山/云瑞,101.60,60.12
29,常德/桃花源,72.60,43.81
30,百色/巴马,18.10,11.00
31,河池/金城江,2.30,1.44
32,大同/云冈,101.60,63.98
33,中卫/香山,24.40,16.00
34,临汾/乔李,38.70,25.41
35,克拉玛依,59.10,39.01
36,临沂/沭埠岭,200.60,132.76
37,洛阳/北郊,131.40,88.07
38,文山/普者黑,16.00,10.88
39,营口/兰旗,29.80,20.55
40,固原/六盘山,22.60,15.71
41,敦煌,75.80,52.71
42,连城/冠豸山,20.50,14.28
43,运城/张孝,205.30,144.48
44,黔江/武陵山,41.00,28.87
45,攀枝花/保安营,38.50,27.27
46,且末,7.20,5.12
47,昌都/邦达,32.50,23.12
48,盐城/南洋,182.20,130.33
49,泉州/晋江,744.30,533.93
50,连云港/白塔埠,151.60,109.30
51,南通/兴东,277.10,200.94
52,襄阳/刘集,140.60,102.70
53,库尔勒,174.40,127.95
54,阿拉善左旗/巴彦浩特,16.60,12.20
55,十堰/武当山,118.30,86.99
56,台州/路桥,111.20,82.19
57,恩施/许家坪,103.90,76.96
58,揭阳/潮汕,649.40,484.99
59,大庆/萨尔图,83.20,62.14
60,北海/福成,228.20,171.06
61,吕梁/大武,36.70,27.55
62,哈密,39.90,29.98
63,常州/奔牛,332.80,250.98
64,万州/五桥,87.00,65.61
65,海西/德令哈,10.70,8.14
66,宜昌/三峡,294.90,224.43
67,徐州/观音,251.90,191.70
68,阜阳,80.00,61.02
69,鞍山/腾鳌,26.10,19.94
70,吐鲁番/交河,19.30,14.77
71,遵义/新舟,203.40,156.10
72,武夷山,64.30,49.35
73,东营/胜利,69.10,53.11
74,赤峰/玉龙,157.20,120.92
75,扬州/泰州,238.40,183.67
76,烟台/蓬莱,843.30,650.19
77,佳木斯/东郊,86.50,66.80
78,嘉峪关,56.10,43.42
79,梅县/长岗岌,51.30,39.83
80,张掖/甘州,17.70,13.84
81,赣州/黄金,162.50,127.95
82,朝阳,17.30,13.62
83,锦州/锦州湾,29.40,23.24
84,义乌,163.60,129.53
85,二连浩特/赛乌素,20.60,16.32
86,日喀则,8.10,6.42
87,秦皇岛/北戴河,41.40,32.83
88,济宁/曲阜,122.20,97.14
89,博乐/阿拉山口,16.90,13.43
90,忻州/五台山,32.80,26.14
91,南充/高坪,94.30,75.26
92,宁波/栎社,1171.80,938.94
93,张家界/荷花,221.00,177.37
94,巴彦淖尔/天吉泰,35.30,28.33
95,庆阳,42.00,33.76
96,长治/王村,69.00,55.69
97,衢州,25.10,20.26
98,南昌/昌北,1352.40,1093.29
99,昭通,34.70,28.10
100,威海/大水泊,250.80,203.74
101,湛江,256.00,209.15
102,日照/山字河,90.10,73.73
103,乌兰察布/集宁,39.60,32.41
104,珠海/金湾,1122.10,922.02
105,稻城/亚丁,24.20,19.88
106,兴义,112.10,92.19
107,合肥/新桥,1111.10,914.49
108,潍坊,72.50,59.82
109,达州/河市,51.40,42.48
110,温州/龙湾,1121.90,928.73
111,黑河,18.10,15.08
112,伊春/林都,16.20,13.52
113,汉中/城固,49.50,41.46
114,牡丹江/海浪,93.40,78.55
115,柳州/白莲,134.70,113.58
116,石家庄/正定,1133.30,957.99
117,舟山/普陀山,121.00,102.28
118,和田,121.80,103.13
119,榆林/榆阳,209.00,177.12
120,淮安/涟水,151.60,128.58
121,宜春/明月山,64.00,54.28
122,宜宾/菜坝,97.50,82.84
123,呼和浩特/白塔,1215.90,1034.81
124,鄂尔多斯/伊金霍洛,247.50,210.64
125,腾冲/驼峰,117.00,99.74
126,拉萨/贡嘎,435.40,371.82
127,三沙/永兴,5.80,4.95
128,南阳/姜营,90.80,78.21
129,济南/遥墙,1661.20,1432.07
130,延安/南泥湾,38.70,33.42
131,伊宁,133.30,115.21
132,福州/长乐,1439.40,1247.31
133,玉树/巴塘,30.30,26.39
134,金昌/金川,17.40,15.26
135,阿里/昆莎,7.50,6.62
136,银川/河东,894.50,793.70
137,西宁/曹家堡,634.00,563.06
138,郑州/新郑,2733.50,2429.78
139,天津/滨海,2359.10,2100.71
140,大理,177.60,158.15
141,六盘水/月照,43.10,38.52
142,邯郸,76.40,68.40
143,通化/三源浦,11.60,10.38
144,西双版纳/嘎洒,444.60,399.10
145,长春/龙嘉,1297.00,1166.37
146,绵阳/南郊,393.90,354.23
147,桂林/两江,873.20,785.96
148,贵阳/龙洞堡,2009.60,1810.45
149,南京/禄口,2858.00,2581.75
150,唐山/三女河,57.40,51.90
151,临沧,44.10,39.95
152,乌兰浩特/义勒力特,73.80,67.09
153,普洱/思茅,64.00,58.18
154,德宏/芒市,181.40,165.21
155,沈阳/桃仙,1902.70,1734.46
156,太原/武宿,1358.80,1239.78
157,毕节/飞雄,121.70,111.14
158,北京/南苑,651.30,595.34
159,库车/龟兹,32.10,29.50
160,哈尔滨/太平,2043.20,1881.40
161,南宁/吴圩,1509.80,1391.52
162,厦门/高崎,2655.30,2449.54
163,深圳/宝安,4934.90,4560.91
164,兰州/中川,1385.80,1281.96
165,无锡/硕放,720.80,668.65
166,杭州/萧山,3824.20,3557.40
167,重庆/江北,4159.60,3873.00
168,呼伦贝尔/东山,232.90,216.85
169,大连/周水子,1876.30,1750.28
170,延吉/朝阳川,151.30,141.14
171,乌鲁木齐/地窝堡,2302.80,2150.14
172,海口/美兰,2412.40,2258.80
173,西安/咸阳,4465.30,4184.91
174,西昌/青山,67.70,63.51
175,格尔木,18.40,17.26
176,长沙/黄花,2526.60,2376.86
177,通辽,98.30,92.47
178,成都/双流,5287.70,4979.00
179,广州/白云,6979.00,6577.76
180,丽江/三义,753.00,710.38
181,武汉/天河,2450.00,2313.50
182,乌海,48.10,45.42
183,加格达奇,15.60,14.73
184,上海/浦东,7405.40,6999.43
185,青岛/流亭,2453.60,2321.29
186,北京/首都,10098.30,9580.93
187,昆明/长水,4708.80,4471.79
188,井冈山,65.80,62.67
189,黄山/屯溪,76.10,72.55
190,安顺/黄果树,44.10,42.12
191,上海/虹桥,4362.80,4186.95
192,安庆,47.80,45.96
193,迪庆/香格里拉,59.20,57.09
194,林芝/米林,48.50,46.86
195,三亚/凤凰,2003.90,1939.88
196,甘南/夏河,12.20,11.82
197,三明/沙县,20.40,19.83
198,齐齐哈尔/三家子,41.00,40.31
199,阿克苏/温宿,129.20,127.67
200,天水/麦积山,18.00,17.86
201,喀什,206.00,204.77
202,包头/二里半,203.20,208.84
203,鸡西/兴凯湖,21.60,22.22
204,那拉提,8.20,8.45
205,漠河/古莲,8.10,8.41
206,广元/盘龙,25.60,26.58
207,锡林浩特,62.30,64.90
208,池州/九华山,45.10,47.52
209,铜仁/凤凰,127.70,134.56
210,阿拉善右旗/巴丹吉林,1.30,1.41
211,长海/大长山岛,0.30,0.33
212,抚远/东极,5.90,6.56
213,额济纳旗/桃来,2.10,2.36
214,白山/长白山,55.00,62.71
215,满洲里/西郊,42.80,50.18
216,景德镇/罗家,51.40,62.23
217,甘孜/康定,8.40,11.70
218,阿尔山/伊尔施,10.40,15.55
219,富蕴/可可托海,2.80,4.22
220,张家口/宁远,38.70,60.00
221,泸州/云龙,23.50,39.50
222,布尔津/喀纳斯,6.70,12.18
223,黎平,5.10,9.37
224,丹东/浪头,8.30,19.81
225,凯里/黄平,14.20,42.64
226,佛山/沙堤,10.90,46.98
227,九寨/黄龙,2.20,53.66
